Run semi-empirical minimization
 &qmmm
    qm_theory='AM1', grms_tol=0.0005,
 scfconv=1.d-10, ndiis_attempts=700,   qmcharge=-3,
 /
  15     P      -13.1280       12.4430       -7.6300 
   8   O1P      -12.8760       12.4100       -9.1140 
   8   O2P      -12.0590       13.1590       -6.8580 
   8   O3P      -13.3380       11.0360       -7.0790 
   6   C5'      -14.9840       13.5120       -6.1210 
   8   O5'      -14.5160       13.2580       -7.4320 
   6   C4'      -14.7180       14.9380       -5.6470 
   8   O4'      -13.3420       15.2110       -5.7150 
   6   C3'      -15.4710       15.9830       -6.4770 
   8   O3'      -16.8610       15.7570       -6.3710 
   6   C2'      -15.1160       17.3940       -6.0300 
   8   O2'      -15.6470       18.2950       -6.9800 
   6   C1'      -15.6490       17.7260       -4.6210 
   7    N1      -17.0080       20.1180       -4.7330 
   6    C2      -17.6810       21.2840       -5.0570 
   8    O2      -18.8550       21.2120       -5.4420 
   7    N3      -17.0340       22.5070       -4.9610 
   6    C4      -15.7270       22.5910       -4.5160 
   6   C4A      -15.0660       21.4080       -4.1720 
   8    O4      -15.1470       23.6960       -4.4630 
   6   C5A      -13.0770       20.2690       -3.5770 
   7    N5      -13.7640       21.4500       -3.7350 
   6    C6      -11.7240       20.3480       -3.3060 
   6    C7      -10.9500       19.2070       -3.1910 
   6   C7M       -9.4870       19.3900       -2.9130 
   6    C8      -11.5590       17.9650       -3.3440 
   6   C8M      -10.7460       16.7070       -3.2200 
   6    C9      -12.9280       17.8840       -3.6110 
   6   C9A      -13.7040       19.0420       -3.7330 
   6   C10      -15.7090       20.1740       -4.3090 
   7   N10      -15.0650       18.9850       -4.0150 
   1   HN3      -17.5170       23.3560       -5.2180 
   1   HN5      -13.3270       22.3380       -3.5350 
   1  HC2'      -14.0310       17.4940       -6.0240 
   1  HC3'      -15.1810       15.8690       -7.5220 
   1  HC4'      -15.0380       15.0240       -4.6080 
   1   HC6      -11.2540       21.3120       -3.1800 
   1   HC9      -13.4000       16.9190       -3.7260 
   1  HO2'      -15.4360       19.1950       -6.7210 
   1  HO3'      -17.3330       16.4120       -6.8910 
   1  HO4'      -13.1780       16.1090       -5.4160 
   1  H1'1      -15.4600       16.8840       -3.9560 
   1  H1'2      -16.7350       17.8130       -4.6570 
   1  H5'1      -14.5210       12.8080       -5.4290 
   1  H5'2      -16.0540       13.3080       -6.0730 
   1  H7M1       -9.0040       18.4150       -2.8480 
   1  H7M2       -9.0330       19.9670       -3.7190 
   1  H7M3       -9.3600       19.9210       -1.9700 
   1  H8M1      -11.3910       15.8410       -3.3700 
   1  H8M2       -9.9580       16.7070       -3.9730 
   1  H8M3      -10.2990       16.6590       -2.2270 

