Run semi-empirical minimization
 &qmmm
    qm_theory='AM1', grms_tol=0.0005,
 scfconv=1.d-10, ndiis_attempts=700,   qmcharge=0,
 /
   6    C1      -16.4490       22.8370       -1.2760 
   7    N1      -15.0740       20.4220       -0.4270 
   8    O1      -17.9960       18.7030        0.1070 
   6    C2      -17.1290       21.4970       -1.4840 
   8    O2      -18.1780       21.4070       -2.0380 
   6    C3      -16.4080       20.2800       -0.9530 
   8    O3      -16.9330       18.1260       -1.7910 
   6    C4      -17.1120       18.9390       -0.9400 
   8    O4      -14.6140       19.1700        0.0130 
   6    C5      -17.3650       23.9780       -1.7020 
   6    C6      -18.3900       17.3710        0.2390 
   6    C7      -18.5060       17.0790        1.7320 
   1   H01      -15.5450       22.8690       -1.8840 
   1   H02      -16.1990       22.9520       -0.2210 
   1   H03      -14.4650       18.5990       -0.7440 
   1   H04      -18.2780       23.9510       -1.1080 
   1   H05      -16.8580       24.9300       -1.5450 
   1   H06      -17.6150       23.8690       -2.7570 
   1   H07      -17.6650       16.7060       -0.2290 
   1   H08      -19.3530       17.2160       -0.2480 
   1   H09      -19.5570       17.0720        2.0200 
   1   H10      -18.0640       16.1060        1.9480 
   1   H11      -17.9810       17.8500        2.2960 

